3.52
3.62
3.69
3.71
3.76
3.82
3.94
4
4.11
4.14
4.17
4.02
3.93
3.9
3.87
3.79
3.63
3.57
3.68
3.97
4.17
4.25
4.27
4.13
4.01
4.02
4
3.8
3.59
3.59
3.89
4.04
4.2
4.03
3.83
3.74
3.69
3.79
3.87
3.89
3.87
3.93
4.04
4.08
4.1
4.07
4.06
3.9
3.85
3.86
3.96
3.99
3.99
3.99
4.15
4.33
4.47
4.49
4.47
4.31
NA
NA
NA
NA
NA
NA
NA
NA
NA
NA
NA
NA
5.09
5.16
5.19
5.2
5.2
5.17
5.37
5.37
5.46
5.47
5.42
5.29
5.19
5.16
5.09
4.81
4.59
4.54
4.58
4.59
4.66
4.57
4.26
3.97
3.81
3.74
3.64
3.58
3.64
3.64
3.72
4
4.23
4.34
4.39
4.34
4.29
4.29
4.06
3.44
3.26
3.26
3.32
3.45
3.74
3.92
3.96
3.8
3.82
3.91
3.98
3.98
4.04
4.2
4.4
4.56
4.73
4.75
4.78
4.91