3.73
3.72
3.76
3.64
3.48
3.40
3.50
3.80
4.03
4.08
4.11
3.93
3.89
3.89
3.88
3.72
3.46
3.41
3.66
3.79
4.03
4.20
3.60
3.49
3.48
3.53
3.61
3.67
3.63
3.66
3.74
3.86
3.86
3.86
3.84
3.60
3.59
3.60
3.71
3.75
3.76
3.73
3.84
3.99
4.39
4.07
4.23
4.10
4.06
4.11
4.13
4.14
4.16
4.21
4.40
4.66
4.83
4.93
4.88
4.84
4.83
4.90
4.94
4.95
4.93
4.93
5.09
5.07
5.18
5.16
5.11
5.02
4.91
4.87
4.83
4.60
4.33
4.28
4.31
4.29
4.34
4.29
4.04
3.63
3.54
3.47
3.34
3.16
3.23
3.27
3.31
3.52
3.79
3.90
4.03
3.99
3.92
3.91
3.97
3.04
2.80
2.78
2.84
2.95
3.21
3.45
3.57
3.45
3.38
3.52
3.59
3.63
3.61
3.77
3.98
4.10
4.30
4.33
4.37
4.48
4.56
4.64
4.75
4.85
4.89
4.91
5.14
5.21
5.32
5.37
5.40
5.45